1037857273
1037840724
1037877381
1037925649
1037933817
1037999025
1038008489
1038022636
1038024436
1038046235
1038111150
1038139652
1038153709
1038154003
1038163734
1038035436
1038183162
1036903286
1038216359
1038218279
1036792227
1037813042
1038110496
1038228705
1038229336
1038237003
1038239978
1038243657
1038243730
1038251670
1038258987
1038270080
1038276056
1038286140
1038287137
1038292417
1038384130
1038390993
1027896849
1038395881
1038399482
1038405634
1038418823
1038423526
1038425022
1038290980
1038433190
1038473153
